646 2789
249 282
255 305
256 273
258 311
261 287
269 302
272 303
273 300
275 325
276 311
277 307
278 331
279 291
283 327
287 331
289 322
292 323
293 347
294 316
295 345
298 351
300 343
307 351
309 342
310 365
311 337
313 369
314 367
315 368
320 364
327 373
330 391
331 357
333 392
333 396
335 338
335 398
340 388
342 378
343 380
344 369
347 397
348 367
348 414
348 412
349 416
350 417
350 380
351 379
355 358
357 410
357 398
362 416
363 432
363 435
364 385
366 436
366 437
368 389
370 399
372 378
374 402
375 389
377 446
377 430
382 436
383 452
383 455
384 405
386 456
386 457
388 409
390 419
393 405
394 422
395 409
397 466
397 450
402 456
403 472
403 475
404 425
406 476
406 477
408 429
410 439
413 425
414 442
415 429
417 470
417 486
422 476
423 492
423 495
424 445
426 497
426 496
428 449
430 459
433 445
434 462
435 449
437 506
437 490
442 496
443 515
443 512
444 465
446 516
446 517
448 469
450 462
450 479
453 465
454 482
455 469
457 510
462 516
463 535
463 532
464 485
466 536
466 537
468 489
470 499
470 484
473 485
474 502
475 489
477 530
482 536
483 555
483 552
484 505
486 556
486 557
488 509
490 519
494 522
495 509
497 550
502 556
503 572
503 575
504 525
506 576
506 577
508 529
510 539
514 542
517 570
522 576
523 595
523 592
524 545
526 597
526 596
528 549
530 559
534 562
537 590
542 596
543 615
543 612
544 565
546 616
546 617
548 569
550 579
554 582
557 610
562 616
563 635
563 632
564 585
566 636
566 637
568 589
570 599
574 602
577 630
582 636
583 652
583 655
584 605
586 656
586 657
588 609
590 619
594 622
597 650
602 656
603 675
603 672
604 625
606 677
606 676
608 629
610 639
614 642
617 670
622 676
623 692
623 695
624 645
626 697
626 696
628 649
630 659
634 662
637 690
642 696
643 712
643 715
644 665
646 717
646 716
648 669
650 679
654 682
657 710
662 716
663 732
663 735
664 685
666 736
666 737
668 689
670 699
674 702
677 730
682 736
683 755
683 752
684 705
686 756
686 757
688 709
690 719
694 722
697 750
702 756
703 772
703 775
704 725
706 776
706 777
708 729
710 739
714 742
717 770
722 776
723 795
723 792
724 745
726 797
726 796
728 749
730 759
734 762
737 790
742 796
743 815
743 812
744 765
746 816
746 817
748 769
750 779
754 782
757 810
762 816
763 835
763 832
764 785
766 837
766 836
768 789
770 799
773 785
774 802
777 830
782 836
783 852
783 855
784 805
786 857
786 856
788 800
788 809
790 819
793 805
794 822
795 809
797 850
802 856
803 875
803 872
804 825
806 876
806 877
808 829
810 839
813 825
814 842
815 829
817 870
819 833
822 876
823 892
823 895
824 845
826 897
826 896
828 849
829 843
830 859
833 845
834 862
835 849
837 890
840 858
842 896
843 913
843 915
844 865
846 918
846 918
848 869
850 879
853 865
854 882
855 869
857 910
862 917
863 937
863 933
864 885
866 939
866 938
868 889
870 899
873 885
874 902
875 889
877 931
880 955
881 952
882 939
883 908
884 905
886 959
886 959
888 909
890 920
893 905
894 923
895 909
896 950
900 973
900 975
901 972
902 959
903 928
905 979
906 979
906 928
908 930
910 940
913 925
915 929
916 970
916 945
920 995
921 992
922 979
925 999
926 948
926 999
928 950
930 960
933 945
935 949
936 965
936 990
940 1015
941 1012
942 999
943 989
945 1019
946 968
946 1019
948 970
950 980
953 965
955 969
956 1010
956 985
960 1035
961 1032
962 1019
963 1009
965 1039
966 1039
966 988
968 990
970 1000
973 985
975 989
976 1005
976 1030
980 1055
981 1052
982 1039
985 1059
986 1008
986 1059
988 1010
990 1020
993 1005
995 1009
996 1025
996 1050
1000 1075
1001 1072
1002 1059
1005 1079
1006 1079
1006 1028
1008 1030
1010 1040
1013 1025
1015 1029
1016 1045
1016 1070
1020 1095
1021 1091
1022 1079
1025 1097
1026 1098
1026 1048
1028 1050
1030 1060
1033 1045
1035 1049
1036 1090
1036 1065
1040 1113
1042 1112
1042 1098
1045 1116
1046 1068
1046 1118
1048 1070
1050 1080
1053 1065
1055 1069
1056 1085
1056 1109
1060 1132
1062 1116
1063 1132
1065 1136
1066 1088
1066 1137
1068 1090
1070 1099
1073 1085
1075 1089
1076 1104
1077 1130
1082 1136
1083 1152
1083 1155
1084 1105
1086 1156
1086 1157
1088 1109
1090 1119
1093 1105
1094 1122
1095 1109
1097 1150
1102 1156
1103 1175
1103 1172
1104 1125
1106 1177
1106 1176
1108 1129
1110 1139
1113 1125
1114 1142
1117 1170
1122 1176
1123 1192
1123 1195
1124 1145
1126 1184
1126 1197
1128 1149
1130 1159
1134 1162
1137 1190
1137 1206
1142 1196
1143 1212
1144 1165
1146 1203
1146 1214
1148 1169
1150 1179
1152 1219
1154 1182
1157 1208
1162 1214
1163 1228
1164 1185
1166 1217
1166 1229
1168 1189
1169 1232
1170 1199
1174 1202
1177 1225
1182 1230
1184 1204
1186 1246
1187 1247
1188 1208
1190 1217
1192 1236
1194 1217
1194 1251
1200 1243
1204 1221
1206 1252
1207 1251
1208 1227
1209 1266
1211 1237
1213 1255
1214 1236
1216 1271
1220 1263
1221 1267
1224 1241
1227 1271
1228 1247
1229 1286
1231 1257
1231 1245
1233 1275
1234 1256
1236 1291
1240 1283
1241 1287
1244 1261
1247 1291
1248 1267
1249 1306
1251 1277
1253 1295
1254 1276
1256 1311
1260 1303
1261 1307
1264 1281
1267 1311
1268 1287
1269 1326
1271 1297
1273 1315
1274 1296
1276 1331
1280 1323
1281 1327
1284 1301
1287 1331
1288 1307
1289 1346
1291 1317
1293 1335
1294 1316
1296 1351
1300 1343
1301 1347
1304 1321
1307 1351
1308 1327
1309 1366
1311 1337
1313 1355
1314 1336
1316 1371
1320 1363
1321 1367
1324 1341
1327 1371
1329 1386
1331 1357
1333 1375
1334 1356
1336 1391
1340 1383
1341 1387
1344 1366
1347 1391
1349 1406
1351 1377
1353 1395
1356 1411
1360 1403
1361 1407
1364 1386
1367 1411
1369 1426
1373 1415
1376 1431
1380 1423
1381 1427
1384 1406
1387 1431
1389 1446
1393 1435
1396 1451
1400 1443
1401 1447
1407 1451
1409 1466
1413 1455
1416 1448
1420 1463
1421 1467
1427 1444
1429 1486
1433 1475
1436 1468
1440 1483
1441 1487
1453 1495
1456 1488
1457 1474
1473 1509
1481 1495
1493 1522
102 114 4
76 114 44
89 114 24
76 87 4
63 87 24
102 112 1
76 112 41
89 112 21
102 127 24
116 127 4
89 127 44
76 100 24
89 100 4
63 100 44
63 74 4
482 492 4
457 492 44
469 492 24
457 480 24
469 480 4
445 480 44
358 370 4
345 370 24
333 370 44
320 356 44
316 356 50
345 356 4
308 356 60
333 356 24
320 343 24
316 343 30
308 343 40
333 343 4
306 343 44
320 331 4
316 331 10
294 331 44
308 331 20
306 331 24
294 318 24
306 318 4
294 304 4
358 382 24
371 382 4
345 382 44
457 468 4
433 468 44
445 468 24
433 456 24
445 456 4
421 456 44
409 444 44
433 444 4
421 444 24
409 432 24
421 432 4
396 432 44
409 420 4
383 420 44
396 420 24
383 408 24
396 408 4
371 408 44
358 395 44
383 395 4
371 395 24
76 102 32
89 102 12
63 102 52
63 76 12
294 320 31
306 320 11
102 140 52
116 140 32
129 140 11
126 140 16
102 116 12
76 116 52
89 116 32
76 89 12
63 89 32
482 506 39
469 506 59
409 426 19
383 426 59
396 426 39
320 335 18
316 335 24
294 335 58
308 335 34
306 335 38
76 105 39
89 105 19
63 105 59
320 358 51
316 358 57
345 358 11
333 358 31
482 495 19
457 495 59
469 495 39
383 414 39
396 414 19
371 414 59
294 323 38
308 323 14
306 323 18
140 172 58
76 92 19
63 92 39
383 409 32
396 409 12
371 409 52
358 383 32
371 383 12
345 383 51
482 516 59
409 438 39
421 438 19
396 438 59
320 349 38
316 349 44
308 349 54
333 349 18
306 349 58
102 118 19
76 118 59
89 118 39
433 461 39
445 461 19
421 461 59
409 450 59
433 450 19
421 450 39
320 363 58
316 363 64
345 363 18
333 363 38
102 131 39
116 131 19
89 131 59
102 129 32
116 129 12
89 129 52
294 316 25
457 482 32
469 482 12
445 482 52
433 457 32
445 457 12
421 457 52
409 433 32
421 433 12
396 433 52
457 469 12
433 469 52
445 469 32
409 445 52
433 445 12
421 445 32
409 421 12
383 421 52
396 421 32
358 396 52
383 396 12
371 396 32
358 371 12
345 371 31
333 371 51
320 345 31
316 345 37
308 345 47
333 345 11
306 345 51
294 308 15
320 333 11
316 333 17
294 333 51
308 333 27
306 333 31
294 306 11
358 376 19
345 376 38
333 376 58
102 142 59
116 142 39
129 142 18
126 142 23
140 162 38
129 162 58
126 162 63
457 484 39
469 484 19
445 484 59
358 401 59
383 401 19
371 401 39
294 309 18
140 152 18
116 152 59
129 152 38
126 152 43
63 79 19
457 472 19
433 472 59
445 472 39
358 388 39
371 388 19
345 388 58
102 126 27
89 126 47
43 62 7
33 62 17
26 62 37
33 56 7
26 56 27
26 41 7
5 41 57
5 19 7
369 391 6
368 391 16
355 391 26
354 391 37
342 391 47
341 391 57
368 384 6
355 384 16
354 384 27
342 384 37
341 384 47
330 384 57
355 378 6
354 378 17
342 378 27
341 378 37
330 378 47
329 378 57
354 373 7
342 373 17
341 373 27
330 373 37
329 373 47
317 373 57
342 367 7
341 367 17
330 367 27
329 367 37
317 367 47
315 367 57
341 357 5
330 357 15
329 357 25
317 357 35
315 357 45
303 357 55
330 351 5
329 351 15
317 351 25
315 351 35
303 351 45
302 351 55
329 344 5
317 344 15
315 344 25
303 344 35
302 344 45
291 344 55
317 338 5
315 338 15
303 338 25
302 338 35
291 338 45
290 338 55
315 332 5
303 332 15
302 332 25
291 332 35
290 332 45
279 332 55
303 326 5
302 326 15
291 326 25
290 326 35
279 326 45
278 326 55
302 319 5
291 319 15
290 319 25
279 319 35
278 319 45
269 319 55
291 312 5
290 312 15
279 312 25
278 312 35
269 312 45
268 312 55
290 305 5
279 305 15
278 305 25
269 305 35
268 305 45
259 305 55
279 299 5
278 299 15
269 299 25
268 299 35
259 299 45
258 299 55
278 293 5
269 293 15
268 293 25
259 293 35
258 293 45
249 293 55
269 286 5
268 286 15
259 286 25
258 286 35
249 286 45
248 286 55
268 281 5
259 281 15
258 281 25
249 281 35
248 281 45
239 281 55
259 275 5
258 275 15
249 275 25
248 275 35
239 275 45
238 275 55
258 270 5
249 270 15
248 270 25
239 270 35
238 270 45
229 270 55
249 265 5
248 265 15
239 265 25
238 265 35
229 265 45
228 265 55
248 260 5
239 260 15
238 260 25
229 260 35
228 260 45
219 260 55
239 255 5
238 255 15
229 255 25
228 255 35
219 255 45
218 255 55
238 250 5
229 250 15
228 250 25
219 250 35
218 250 45
209 250 55
229 245 5
228 245 15
219 245 25
218 245 35
209 245 45
208 245 55
228 240 5
219 240 15
218 240 25
209 240 35
208 240 45
199 240 55
198 235 55
219 235 5
218 235 15
209 235 25
208 235 35
199 235 45
189 230 55
198 230 45
218 230 5
209 230 15
208 230 25
199 230 35
189 225 45
188 225 55
198 225 35
209 225 5
208 225 15
199 225 25
189 220 35
188 220 45
179 220 55
198 220 25
208 220 5
199 220 15
189 215 25
188 215 35
179 215 45
178 215 55
198 215 15
199 215 5
189 210 15
188 210 25
179 210 35
178 210 45
169 210 55
198 210 5
189 205 5
188 205 15
179 205 25
178 205 35
169 205 45
168 205 55
188 200 5
179 200 15
178 200 25
169 200 35
168 200 45
159 200 55
179 195 5
178 195 15
169 195 25
168 195 35
159 195 45
158 195 55
178 190 5
169 190 15
168 190 25
159 190 35
158 190 45
149 190 55
169 185 5
168 185 15
159 185 25
158 185 35
149 185 45
148 185 55
580 594 7
572 594 17
570 594 27
562 594 37
560 594 47
551 594 57
572 588 7
570 588 17
562 588 27
560 588 37
551 588 47
549 588 57
541 584 57
570 584 7
562 584 17
560 584 27
551 584 37
549 584 47
541 578 47
539 578 57
562 578 7
560 578 17
551 578 27
549 578 37
541 574 37
539 574 47
531 574 57
560 574 7
551 574 17
549 574 27
541 568 27
539 568 37
531 568 47
530 568 56
551 568 7
549 568 17
541 564 17
539 564 27
531 564 37
530 564 46
523 564 55
549 564 7
541 558 7
539 558 17
531 558 27
530 558 36
523 558 45
521 558 55
539 554 7
531 554 17
530 554 26
523 554 35
521 554 45
512 554 55
531 547 7
530 547 16
523 547 25
521 547 35
512 547 45
511 547 55
530 543 6
523 543 15
521 543 25
512 543 35
511 543 45
502 543 55
523 536 5
521 536 15
512 536 25
511 536 35
502 536 45
501 536 55
521 533 5
512 533 15
511 533 25
502 533 35
501 533 45
491 533 55
512 527 5
511 527 15
502 527 25
501 527 35
491 527 45
490 527 55
511 524 5
502 524 15
501 524 25
491 524 35
490 524 45
479 524 55
502 518 5
501 518 15
491 518 25
490 518 35
479 518 45
478 518 55
501 514 5
491 514 15
490 514 25
479 514 35
478 514 45
467 514 55
491 508 5
490 508 15
479 508 25
478 508 35
467 508 45
466 508 54
490 503 5
479 503 15
478 503 25
467 503 35
466 503 44
455 503 54
479 498 5
478 498 15
467 498 25
466 498 34
455 498 44
454 498 54
478 493 5
467 493 15
466 493 24
455 493 34
454 493 44
443 493 54
442 487 54
467 487 5
466 487 14
455 487 24
454 487 34
443 487 44
442 481 44
431 481 54
466 481 4
455 481 14
454 481 24
443 481 34
442 475 34
431 475 44
430 475 54
455 475 4
454 475 14
443 475 24
442 470 26
431 470 36
430 470 46
419 470 56
454 470 6
443 470 16
442 464 16
431 464 26
430 464 36
419 464 46
418 464 56
443 464 6
442 458 6
431 458 16
430 458 26
419 458 36
418 458 46
407 458 56
431 452 6
430 452 16
419 452 26
418 452 36
407 452 46
406 452 56
430 447 6
419 447 16
418 447 26
407 447 36
406 447 46
394 447 56
419 441 6
418 441 16
407 441 26
406 441 36
394 441 46
393 441 56
418 434 6
407 434 16
406 434 26
394 434 36
393 434 46
381 434 56
407 429 6
406 429 16
394 429 26
393 429 36
381 429 46
380 429 56
369 422 56
406 422 6
394 422 16
393 422 26
381 422 36
380 422 46
369 416 46
368 416 56
394 416 6
393 416 16
381 416 26
380 416 36
369 410 36
368 410 46
355 410 56
393 410 6
381 410 16
380 410 26
369 405 26
368 405 36
355 405 46
354 405 57
381 405 6
380 405 16
369 398 16
368 398 26
355 398 36
354 398 47
342 398 57
380 398 6
610 622 7
601 622 27
592 622 47
590 622 57
601 615 7
592 615 27
590 615 37
582 615 47
580 615 57
592 607 7
590 607 17
582 607 27
580 607 37
572 607 47
570 607 57
590 603 7
582 603 17
580 603 27
572 603 37
570 603 47
562 603 57
582 598 7
580 598 17
572 598 27
570 598 37
562 598 47
560 598 57
49 69 5
43 69 17
33 69 27
26 69 47
168 180 5
159 180 15
158 180 25
149 180 35
148 180 45
138 180 55
159 175 5
158 175 15
149 175 25
148 175 35
138 175 45
137 175 55
158 170 5
149 170 15
148 170 25
138 170 35
137 170 45
125 170 55
149 165 5
148 165 15
138 165 25
137 165 35
125 165 45
124 165 55
148 160 5
138 160 15
137 160 25
125 160 35
124 160 45
113 160 55
138 155 5
137 155 15
125 155 25
124 155 35
113 155 45
111 155 55
137 150 5
125 150 15
124 150 25
113 150 35
111 150 45
99 150 55
125 145 5
124 145 15
113 145 25
111 145 35
99 145 45
98 145 55
124 139 5
113 139 15
111 139 25
99 139 35
98 139 45
86 139 55
113 134 5
111 134 15
99 134 25
98 134 35
86 134 45
85 134 55
111 128 5
99 128 15
98 128 25
86 128 35
85 128 45
73 128 55
99 121 5
98 121 15
86 121 25
85 121 35
73 121 45
72 121 55
98 115 5
86 115 15
85 115 25
73 115 35
72 115 45
60 115 55
86 108 5
85 108 15
73 108 25
72 108 35
60 108 45
59 108 55
85 101 5
73 101 15
72 101 25
60 101 35
59 101 45
49 101 55
73 95 5
72 95 15
60 95 25
59 95 35
49 95 45
43 95 57
72 88 5
60 88 15
59 88 25
49 88 35
43 88 47
33 88 57
60 82 5
59 82 15
49 82 25
43 82 37
33 82 47
59 75 5
49 75 15
43 75 27
33 75 37
26 75 57
168 188 35
159 188 45
158 188 55
149 188 65
148 188 75
158 178 35
149 178 45
148 178 55
138 178 65
137 178 75
148 168 35
138 168 45
137 168 55
125 168 65
124 168 75
137 158 35
125 158 45
124 158 55
113 158 68
111 158 78
124 148 35
113 148 48
111 148 58
99 148 68
98 148 78
111 137 38
99 137 48
98 137 58
86 137 68
85 137 78
98 124 38
86 124 48
85 124 58
73 124 68
72 124 78
341 368 35
330 368 45
329 368 55
317 368 65
315 368 75
329 354 35
317 354 45
315 354 55
303 354 65
302 354 75
315 341 35
303 341 45
302 341 55
291 341 65
290 341 75
302 329 35
291 329 45
290 329 55
279 329 65
278 329 75
290 315 35
279 315 45
278 315 55
269 315 65
268 315 75
278 302 35
269 302 45
268 302 55
259 302 65
258 302 75
407 442 47
406 442 57
394 442 67
393 442 77
394 430 47
393 430 57
381 430 67
380 430 77
369 418 67
368 418 77
381 418 47
380 418 57
369 406 47
368 406 57
355 406 67
354 406 78
355 393 47
354 393 58
342 393 65
341 393 75
354 380 38
342 380 45
341 380 55
330 380 65
329 380 75
521 539 35
512 539 45
511 539 55
502 539 65
501 539 75
511 530 35
502 530 45
501 530 55
491 530 65
490 530 75
501 521 35
491 521 45
490 521 55
479 521 65
478 521 78
490 511 35
479 511 45
478 511 58
467 511 68
466 511 77
478 501 38
467 501 48
466 501 57
455 501 67
454 501 77
442 490 77
455 490 47
454 490 57
443 490 67
442 478 57
431 478 67
430 478 77
443 478 47
431 466 47
430 466 57
419 466 67
418 466 77
419 454 47
418 454 57
407 454 67
406 454 77
570 590 35
562 590 45
560 590 55
551 590 65
541 580 65
560 580 35
551 580 45
549 580 55
541 570 45
539 570 55
531 570 65
530 570 74
549 570 35
539 560 35
531 560 45
530 560 54
523 560 65
521 560 75
530 549 34
523 549 45
521 549 55
512 549 65
511 549 75
178 198 35
169 198 45
168 198 55
159 198 65
158 198 75
85 111 38
73 111 48
72 111 58
60 111 68
59 111 78
72 98 38
60 98 48
59 98 58
49 98 68
59 85 38
49 85 48
43 85 60
33 85 67
43 72 40
33 72 47
26 72 67
26 59 47
268 290 35
259 290 45
258 290 55
249 290 65
248 290 75
258 278 35
249 278 45
248 278 55
239 278 65
238 278 75
248 268 35
239 268 45
238 268 55
229 268 65
228 268 75
238 258 35
229 258 45
228 258 55
219 258 65
218 258 75
228 248 35
219 248 45
218 248 55
209 248 65
208 248 75
198 238 75
218 238 35
209 238 45
208 238 55
199 238 65
189 228 65
188 228 75
198 228 55
208 228 35
199 228 45
189 218 45
188 218 55
179 218 65
178 218 75
198 218 35
188 208 35
179 208 45
178 208 55
169 208 65
168 208 75
40 93 72
52 107 74
52 103 68
40 103 86
40 91 66
426 471 18
414 471 38
401 471 58
335 385 19
323 385 40
309 385 60
252 295 21
242 295 41
262 295 1
182 221 21
172 221 41
192 221 1
105 151 21
92 151 41
118 151 1
23 65 26
15 65 46
31 65 4
569 605 29
559 605 49
579 605 9
506 545 24
495 545 44
516 545 6
506 535 4
495 535 24
484 535 44
414 459 17
401 459 37
388 459 57
323 372 20
309 372 40
296 372 60
252 282 1
242 282 21
232 282 41
182 211 1
172 211 21
162 211 41
105 141 1
92 141 21
79 141 41
23 51 6
15 51 26
10 51 46
13 22 9
569 613 49
579 613 29
589 613 9
506 556 44
516 556 26
526 556 10
426 483 38
414 483 58
438 483 18
335 397 39
323 397 60
349 397 17
252 307 41
262 307 21
272 307 1
182 231 41
192 231 21
202 231 1
105 161 41
118 161 21
131 161 1
23 78 46
31 78 24
42 90 20
31 90 44
53 90 1
349 423 57
363 423 37
376 423 17
579 620 49
589 620 29
599 620 9
516 566 46
526 566 30
538 566 9
426 494 58
438 494 38
461 494 1
450 494 19
335 411 59
349 411 37
363 411 17
262 321 41
272 321 21
283 321 1
192 241 41
202 241 21
212 241 1
118 171 41
131 171 21
142 171 1
42 117 60
66 117 21
53 117 41
79 117 1
438 504 58
461 504 21
450 504 39
472 504 1
13 30 29
10 30 9
272 334 41
283 334 21
296 334 1
202 251 41
212 251 21
222 251 1
131 181 41
142 181 21
152 181 1
42 104 40
66 104 1
53 104 21
589 627 49
599 627 29
608 627 9
526 576 50
538 576 29
548 576 9
623 639 9
616 639 29
608 639 49
569 596 9
559 596 29
548 596 49
495 525 1
484 525 21
472 525 41
376 446 57
401 446 17
388 446 37
283 359 60
309 359 20
296 359 40
242 271 1
232 271 21
222 271 41
172 201 1
162 201 21
152 201 41
92 130 1
66 130 41
79 130 21
15 38 9
13 38 49
10 38 29
599 633 49
616 633 9
608 633 29
559 586 9
538 586 49
548 586 29
461 515 41
450 515 59
484 515 1
472 515 21
363 435 57
376 435 37
388 435 17
283 346 41
309 346 1
296 346 21
212 261 41
232 261 1
222 261 21
142 191 41
162 191 1
152 191 21
170 189 8
160 189 28
150 189 48
160 179 8
150 179 28
139 179 48
150 169 8
139 169 28
128 169 48
139 159 8
128 159 28
115 159 48
128 149 8
115 149 28
101 149 48
115 138 8
101 138 28
88 138 48
101 125 8
88 125 28
75 125 48
62 113 48
88 113 8
75 113 28
344 369 8
332 369 28
319 369 48
332 355 8
319 355 28
305 355 48
319 342 8
305 342 28
293 342 48
305 330 8
293 330 28
281 330 48
293 317 8
281 317 28
270 317 48
281 303 8
270 303 28
260 303 48
270 291 8
260 291 28
250 291 48
384 431 45
410 431 5
398 431 25
384 419 25
373 419 45
398 419 5
384 407 5
373 407 25
357 407 47
373 394 5
357 394 27
344 394 48
357 381 7
344 381 28
332 381 48
524 541 9
514 541 29
503 541 49
514 531 8
503 531 28
493 531 48
503 523 8
493 523 28
481 523 48
493 512 8
481 512 28
470 512 46
481 502 8
470 502 26
458 502 45
470 491 6
458 491 25
447 491 45
458 479 5
447 479 25
434 479 45
447 467 5
434 467 25
422 467 45
434 455 5
422 455 25
410 455 45
422 443 5
410 443 25
398 443 45
594 610 15
584 610 35
574 610 55
584 601 15
574 601 35
564 601 55
574 592 15
564 592 35
554 592 55
564 582 15
554 582 35
543 582 55
554 572 15
543 572 35
533 572 54
543 562 15
533 562 34
524 562 49
533 551 14
524 551 29
514 551 49
62 99 28
75 99 8
62 86 8
41 86 41
41 73 21
41 60 1
19 60 54
19 49 35
19 33 15
260 279 8
250 279 28
240 279 48
250 269 8
240 269 28
230 269 48
240 259 8
230 259 28
220 259 48
230 249 8
220 249 28
210 249 48
220 239 8
210 239 28
200 239 48
210 229 8
200 229 28
190 229 48
200 219 8
190 219 28
180 219 48
190 209 8
180 209 28
170 209 48
180 199 8
170 199 28
160 199 48
87 114 34
100 114 14
74 114 54
65 114 29
51 114 49
74 87 14
30 87 55
38 87 31
87 112 31
74 112 51
65 112 26
51 112 46
114 127 14
87 127 54
112 127 17
100 127 34
65 127 49
78 127 29
87 100 14
74 100 34
51 100 29
38 100 51
22 74 55
30 74 35
241 292 48
280 292 13
251 292 28
231 280 48
241 280 28
480 492 14
446 492 29
435 492 49
468 492 34
456 492 54
423 480 49
435 480 29
468 480 14
456 480 34
444 480 54
231 289 63
241 289 43
251 289 23
307 370 48
321 370 28
356 370 14
343 370 33
331 370 53
295 356 48
307 356 28
343 356 13
331 356 33
318 356 53
295 343 28
282 343 48
331 343 13
318 343 33
304 343 53
282 331 28
292 331 53
289 331 58
318 331 13
304 331 33
271 331 48
292 318 33
280 318 53
289 318 38
304 318 13
271 318 28
261 318 48
292 304 13
280 304 33
289 304 18
251 304 48
261 304 28
321 382 48
334 382 29
370 382 14
356 382 34
343 382 53
423 468 29
411 468 49
456 468 14
444 468 34
432 468 54
397 456 49
411 456 29
444 456 14
432 456 34
420 456 54
385 444 49
397 444 29
432 444 14
420 444 34
408 444 54
385 432 29
372 432 49
420 432 14
408 432 34
395 432 54
372 420 29
359 420 49
382 420 54
408 420 14
395 420 34
370 408 54
359 408 29
346 408 48
382 408 34
395 408 14
334 395 49
370 395 34
356 395 54
346 395 28
382 395 14
87 102 10
74 102 30
65 102 5
51 102 25
38 102 47
22 76 52
30 76 31
38 76 7
282 320 5
292 320 30
280 320 50
289 320 35
304 320 10
271 320 25
261 320 45
114 140 30
112 140 33
127 140 10
100 140 50
78 140 45
90 140 25
104 140 5
87 116 30
100 116 10
74 116 50
65 116 25
51 116 45
78 116 5
74 89 10
51 89 5
30 89 51
38 89 27
17 63 52
22 63 32
30 63 11
471 506 12
459 506 33
492 506 17
480 506 37
446 506 52
468 506 57
385 426 12
372 426 32
359 426 52
382 426 57
408 426 17
395 426 37
295 335 12
282 335 32
292 335 57
318 335 17
304 335 37
271 335 52
221 252 12
211 252 32
201 252 52
151 182 12
141 182 32
130 182 52
87 105 17
74 105 37
65 105 12
51 105 32
38 105 54
7 23 4
3 23 34
605 623 4
596 623 24
586 623 44
545 569 4
535 569 24
525 569 42
515 569 59
3 15 14
295 358 45
307 358 25
321 358 5
343 358 10
331 358 30
318 358 50
535 559 4
504 559 57
525 559 22
515 559 39
459 495 13
480 495 17
446 495 32
435 495 52
468 495 37
456 495 57
372 414 12
370 414 57
359 414 32
346 414 51
382 414 37
395 414 17
282 323 12
292 323 37
280 323 57
289 323 42
304 323 17
271 323 32
261 323 52
211 242 12
201 242 32
191 242 52
141 172 12
117 172 52
130 172 32
74 92 17
51 92 12
30 92 58
38 92 34
372 409 5
370 409 50
359 409 25
346 409 44
382 409 30
395 409 10
321 383 45
334 383 25
370 383 10
356 383 30
343 383 50
346 383 4
17 42 24
7 42 44
22 42 4
17 31 4
7 31 24
3 31 54
605 629 24
613 629 4
596 629 44
545 579 24
535 579 44
556 579 4
471 516 32
459 516 53
483 516 12
492 516 37
480 516 57
385 438 32
372 438 52
397 438 12
420 438 17
408 438 37
395 438 57
295 349 32
282 349 52
307 349 12
331 349 17
318 349 37
304 349 57
221 262 32
211 262 52
231 262 12
151 192 32
141 192 52
161 192 12
87 118 37
100 118 17
74 118 57
65 118 32
51 118 52
78 118 12
397 461 52
423 461 12
411 461 32
444 461 17
432 461 37
420 461 57
545 589 44
556 589 24
566 589 4
471 526 52
483 526 32
494 526 12
492 526 57
385 450 52
397 450 32
411 450 12
432 450 17
420 450 37
408 450 57
295 363 52
307 363 32
321 363 12
343 363 17
331 363 37
318 363 57
221 272 52
231 272 32
241 272 12
151 202 52
161 202 32
171 202 12
114 131 17
87 131 57
112 131 20
100 131 37
65 131 52
78 131 32
90 131 12
114 129 10
87 129 50
112 129 13
100 129 30
65 129 45
78 129 25
90 129 5
292 316 24
280 316 44
289 316 29
251 316 59
304 316 4
271 316 19
261 316 39
241 294 45
280 294 10
251 294 25
261 294 5
423 482 45
446 482 5
435 482 25
468 482 10
456 482 30
444 482 50
397 457 45
423 457 5
411 457 25
444 457 10
432 457 30
420 457 50
385 433 25
372 433 45
397 433 5
420 433 10
408 433 30
395 433 50
423 469 25
411 469 45
435 469 5
456 469 10
444 469 30
432 469 50
385 445 45
397 445 25
411 445 5
432 445 10
420 445 30
408 445 50
385 421 5
372 421 25
359 421 45
382 421 50
408 421 10
395 421 30
334 396 45
370 396 30
356 396 50
359 396 5
346 396 24
382 396 10
307 371 45
321 371 25
334 371 5
356 371 10
343 371 30
331 371 50
295 345 25
282 345 45
307 345 5
331 345 10
318 345 30
304 345 50
292 308 14
280 308 34
289 308 19
251 308 49
271 308 9
261 308 29
295 333 5
282 333 25
292 333 50
289 333 55
318 333 10
304 333 30
271 333 45
292 306 10
280 306 30
289 306 15
251 306 45
271 306 5
261 306 25
17 66 59
22 66 39
30 66 18
307 376 52
321 376 32
334 376 12
356 376 17
343 376 37
331 376 57
231 283 52
241 283 32
251 283 12
161 212 52
171 212 32
181 212 12
114 142 37
112 142 40
127 142 17
100 142 57
78 142 52
90 142 32
104 142 12
17 53 39
7 53 59
22 53 19
605 635 44
613 635 24
620 635 4
556 599 44
566 599 24
576 599 4
483 538 57
494 538 37
504 538 17
127 162 57
117 162 32
104 162 52
130 162 12
576 616 44
596 616 4
586 616 24
423 484 52
446 484 12
435 484 32
468 484 17
456 484 37
444 484 57
334 401 52
370 401 37
356 401 57
359 401 12
346 401 31
382 401 17
292 309 17
280 309 37
289 309 22
251 309 52
271 309 12
261 309 32
181 232 52
201 232 12
191 232 32
114 152 57
112 152 60
127 152 37
90 152 52
117 152 12
104 152 32
22 79 59
30 79 38
38 79 14
613 643 54
620 643 34
627 643 14
566 608 44
576 608 24
586 608 4
494 548 57
504 548 37
525 548 2
515 548 19
423 472 32
411 472 52
435 472 12
456 472 17
444 472 37
432 472 57
321 388 52
334 388 32
370 388 17
356 388 37
343 388 57
346 388 11
241 296 52
280 296 17
289 296 2
251 296 32
261 296 12
171 222 52
181 222 32
191 222 12
114 126 5
87 126 45
112 126 8
100 126 25
65 126 40
51 126 60
78 126 20
36 48 35
175 188 3
165 188 23
155 188 43
165 178 3
155 178 23
145 178 43
155 168 3
145 168 23
134 168 43
145 158 3
134 158 23
121 158 43
134 148 3
121 148 23
108 148 43
121 137 3
108 137 23
95 137 43
108 124 3
95 124 23
82 124 43
351 368 3
338 368 23
326 368 43
338 354 3
326 354 23
312 354 43
326 341 3
312 341 23
299 341 43
312 329 3
299 329 23
286 329 43
299 315 3
286 315 23
275 315 43
286 302 3
275 302 23
265 302 43
391 442 60
416 442 20
405 442 40
391 430 40
378 430 60
405 430 20
391 418 20
378 418 40
367 418 60
378 406 20
367 406 40
367 393 20
351 393 43
351 380 23
338 380 43
527 539 4
518 539 23
508 539 43
518 530 3
508 530 23
498 530 43
508 521 3
498 521 23
487 521 43
498 511 3
487 511 23
475 511 43
464 511 60
487 501 3
475 501 23
464 501 40
452 501 60
475 490 3
464 490 20
452 490 40
441 490 60
452 478 20
441 478 40
429 478 60
441 466 20
429 466 40
416 466 60
429 454 20
416 454 40
405 454 60
578 590 7
558 590 47
558 580 27
547 580 47
558 570 7
547 570 27
536 570 47
547 560 7
536 560 27
527 560 44
536 549 7
527 549 24
518 549 43
185 198 3
175 198 23
165 198 43
69 111 43
95 111 3
82 111 23
56 98 43
69 98 23
61 98 50
82 98 3
56 85 23
69 85 3
61 85 30
50 85 50
56 72 3
61 72 10
50 72 30
36 72 50
50 59 10
36 59 30
36 43 10
275 290 3
265 290 23
255 290 43
265 278 3
255 278 23
245 278 43
255 268 3
245 268 23
235 268 43
245 258 3
235 258 23
225 258 43
235 248 3
225 248 23
215 248 43
225 238 3
215 238 23
205 238 43
215 228 3
205 228 23
195 228 43
205 218 3
195 218 23
185 218 43
195 208 3
185 208 23
175 208 43
322 352 37
322 366 57
322 360 51
565 609 38
575 609 18
555 609 58
544 581 18
534 581 38
522 581 57
555 591 18
544 591 38
534 591 58
565 600 18
555 600 38
544 600 58
595 624 18
585 624 38
575 624 58
505 550 23
513 550 10
496 550 37
486 550 57
400 453 14
387 453 34
375 453 54
284 340 14
274 340 34
264 340 54
194 237 14
183 237 34
174 237 54
93 147 14
80 147 34
67 147 54
77 147 40
64 147 60
91 147 20
4 32 19
8 32 30
400 465 34
413 465 14
387 465 54
284 352 34
298 352 14
274 352 54
194 247 34
203 247 14
183 247 54
93 156 34
107 156 14
80 156 54
77 156 60
103 156 20
91 156 40
4 47 39
12 47 19
8 47 50
565 617 58
585 617 18
575 617 38
505 540 3
496 540 17
486 540 37
473 540 57
387 440 14
375 440 34
362 440 54
274 327 14
264 327 34
254 327 54
183 227 14
174 227 34
164 227 54
80 136 14
67 136 34
54 136 54
77 136 20
64 136 40
486 528 14
473 528 34
462 528 54
375 428 14
362 428 34
348 428 54
264 313 14
254 313 34
243 313 54
174 216 14
164 216 34
154 216 54
67 123 14
54 123 34
45 123 54
64 123 20
8 25 10
473 520 14
462 520 34
449 520 54
362 417 14
348 417 34
337 417 53
254 301 14
243 301 34
234 301 54
164 206 14
154 206 34
143 206 54
54 110 14
45 110 34
34 110 54
462 510 14
449 510 34
437 510 55
348 404 14
337 404 33
324 404 53
243 287 14
234 287 34
223 287 54
154 196 14
143 196 34
133 196 54
45 96 14
34 96 34
28 96 59
449 500 14
437 500 35
425 500 54
337 392 13
324 392 33
310 392 54
234 276 14
223 276 34
213 276 54
143 187 14
133 187 34
120 187 54
34 84 14
28 84 39
21 84 55
595 636 58
612 636 18
604 636 38
513 571 50
534 571 18
522 571 37
413 488 54
437 488 15
425 488 34
298 379 54
324 379 13
310 379 34
203 267 54
223 267 14
213 267 34
107 177 54
133 177 14
120 177 34
103 177 60
12 71 55
28 71 19
21 71 35
595 630 38
585 630 58
604 630 18
505 561 43
513 561 30
496 561 57
522 561 17
400 477 54
413 477 34
425 477 14
284 366 54
298 366 34
310 366 14
194 256 54
203 256 34
213 256 14
93 167 54
107 167 34
120 167 14
103 167 40
91 167 60
4 58 55
12 58 35
21 58 15
284 360 48
298 360 28
310 360 8
274 322 8
264 322 28
254 322 48
611 628 6
593 628 46
602 628 26
553 577 6
532 577 45
542 577 26
637 645 6
631 645 26
625 645 46
593 614 6
583 614 26
573 614 46
532 557 5
509 557 38
519 557 24
499 557 57
583 606 6
563 606 46
573 606 26
509 546 18
519 546 4
499 546 37
509 552 28
519 552 14
499 552 47
611 634 26
618 634 6
602 634 46
553 587 26
563 587 6
542 587 46
593 621 26
583 621 46
602 621 6
532 567 25
509 567 58
519 567 44
542 567 6
611 640 46
618 640 26
625 640 6
553 597 46
563 597 26
573 597 6
509 537 3
499 537 22
327 402 74
301 364 49
287 364 69
313 389 69
287 350 49
276 350 69
609 638 30
600 638 50
617 638 10
581 619 30
591 619 10
571 619 50
581 626 50
591 626 30
600 626 10
609 632 10
591 632 50
600 632 30
528 565 10
520 565 27
510 565 42
500 565 59
609 642 50
624 642 10
617 642 30
550 595 30
540 595 50
561 595 10
453 505 19
440 505 39
428 505 58
340 400 23
352 400 2
327 400 43
237 284 26
247 284 6
227 284 46
147 194 26
156 194 6
136 194 46
32 93 32
47 93 6
39 93 45
25 93 58
453 513 34
465 513 15
440 513 54
340 413 43
352 413 22
366 413 2
360 413 8
237 298 46
247 298 26
256 298 6
147 203 46
156 203 26
167 203 6
32 107 52
47 107 26
58 107 6
550 585 10
540 585 30
528 585 50
453 496 5
440 496 25
428 496 44
340 387 3
327 387 23
313 387 44
237 274 6
227 274 26
216 274 46
147 183 6
136 183 26
123 183 46
32 80 12
39 80 25
25 80 38
540 575 10
528 575 30
520 575 47
440 486 5
428 486 24
417 486 44
327 375 3
313 375 24
301 375 44
227 264 6
216 264 26
206 264 46
136 174 6
123 174 26
110 174 46
39 67 5
25 67 18
24 67 41
428 473 4
417 473 24
404 473 44
313 362 4
301 362 24
287 362 44
216 254 6
206 254 26
196 254 46
123 164 6
110 164 26
96 164 46
24 54 21
16 54 41
520 555 7
510 555 22
500 555 39
488 555 59
402 462 54
417 462 4
404 462 24
392 462 44
301 348 4
287 348 24
276 348 44
206 243 6
196 243 26
187 243 46
110 154 6
96 154 26
84 154 46
24 45 6
16 45 26
6 45 46
510 544 2
500 544 19
488 544 39
477 544 59
402 449 33
389 449 53
404 449 3
392 449 23
379 449 43
287 337 6
276 337 26
267 337 46
196 234 6
187 234 26
177 234 46
96 143 6
84 143 26
71 143 46
16 34 11
6 34 31
1 34 51
581 612 10
571 612 30
561 612 50
465 534 57
488 534 17
477 534 37
402 437 12
389 437 32
392 437 2
379 437 22
366 437 42
360 437 48
276 324 6
267 324 26
256 324 46
187 223 6
177 223 26
167 223 46
84 133 6
71 133 26
58 133 46
6 28 12
1 28 32
550 604 50
571 604 10
561 604 30
453 522 51
465 522 32
477 522 12
389 425 12
352 425 42
379 425 2
366 425 22
360 425 28
247 310 46
267 310 6
256 310 26
156 213 46
177 213 6
167 213 26
47 120 46
71 120 6
58 120 26
1 21 16
32 77 6
39 77 19
25 77 32
24 77 55
25 64 12
24 64 35
16 64 55
32 103 46
47 103 20
39 103 59
24 52 15
16 52 35
6 52 55
32 91 26
39 91 39
25 91 52
24 40 1
16 40 21
6 40 41
364 402 48
350 402 68
364 389 28
350 389 48
476 529 31
489 529 11
463 529 51
365 424 21
377 424 1
353 424 41
246 297 27
257 297 7
236 297 47
157 204 27
166 204 7
146 204 47
44 106 29
57 106 7
37 106 45
451 507 27
463 507 7
439 507 46
328 386 22
339 386 1
314 386 44
226 273 27
236 273 7
217 273 47
135 184 27
146 184 7
122 184 47
48 81 23
20 81 58
37 81 5
29 81 35
427 485 24
415 485 44
439 485 6
300 361 24
288 361 44
314 361 4
207 253 27
197 253 47
217 253 7
109 163 27
97 163 47
122 163 7
20 55 18
9 55 38
2 55 58
365 436 41
377 436 21
390 436 1
246 311 47
257 311 27
266 311 7
157 214 47
166 214 27
176 214 7
44 119 49
57 119 27
70 119 7
403 460 21
415 460 1
390 460 41
277 336 27
288 336 7
266 336 47
186 233 27
197 233 7
176 233 47
83 144 27
97 144 7
70 144 47
9 35 8
2 35 28
427 474 4
403 474 44
415 474 24
300 347 4
277 347 44
288 347 24
207 244 7
186 244 47
197 244 27
109 153 7
83 153 47
97 153 27
20 46 4
9 46 24
2 46 44
328 399 42
339 399 21
353 399 1
476 517 7
451 517 47
463 517 27
365 412 1
339 412 41
353 412 21
246 285 7
226 285 47
236 285 27
157 193 7
135 193 47
146 193 27
44 94 9
48 94 43
37 94 25
29 94 55
451 497 7
427 497 44
439 497 26
328 374 2
300 374 44
314 374 24
226 263 7
207 263 47
217 263 27
135 173 7
109 173 47
122 173 27
48 68 3
20 68 38
9 68 58
29 68 15
377 448 41
403 448 1
390 448 21
257 325 47
277 325 7
266 325 27
166 224 47
186 224 7
176 224 27
57 132 47
83 132 7
70 132 27
2 27 8
424 476 11
399 476 51
412 476 31
297 365 30
311 365 10
285 365 50
204 246 11
184 246 51
193 246 31
106 157 11
81 157 51
94 157 31
18 44 1
14 44 21
11 44 41
628 644 26
634 644 6
621 644 46
577 611 26
587 611 6
567 611 46
507 553 21
485 553 58
517 553 5
497 553 38
386 451 30
399 451 10
374 451 50
273 328 11
253 328 51
263 328 31
184 226 11
163 226 51
173 226 31
81 135 11
55 135 51
68 135 31
614 637 26
606 637 46
621 637 6
557 593 26
546 593 46
567 593 6
485 532 17
460 532 60
474 532 37
361 427 30
347 427 50
374 427 10
253 300 11
233 300 51
244 300 31
163 207 11
144 207 51
153 207 31
55 109 11
35 109 50
46 109 30
424 489 31
436 489 11
412 489 51
297 377 50
311 377 30
325 377 10
204 257 31
214 257 11
193 257 51
106 166 31
119 166 11
94 166 51
18 57 19
14 57 39
11 57 59
614 631 6
606 631 26
597 631 46
529 583 46
557 583 6
546 583 26
537 583 41
436 509 51
460 509 14
448 509 33
336 403 28
347 403 10
325 403 50
214 277 51
233 277 11
224 277 31
119 186 51
144 186 11
132 186 31
18 83 59
35 83 10
27 83 37
460 519 34
474 519 11
448 519 53
361 415 10
336 415 48
347 415 30
233 288 31
244 288 11
224 288 51
144 197 31
153 197 11
132 197 51
35 97 30
46 97 10
27 97 57
273 339 31
285 339 11
263 339 51
628 646 46
634 646 26
640 646 6
577 618 46
587 618 26
597 618 6
529 563 6
507 563 41
517 563 25
497 563 58
537 563 1
386 463 50
399 463 30
412 463 10
297 353 11
273 353 51
285 353 31
184 236 31
193 236 11
173 236 51
81 146 31
94 146 11
68 146 51
14 37 8
11 37 28
628 641 6
614 641 46
621 641 26
577 602 6
557 602 46
567 602 26
507 542 1
485 542 38
474 542 58
497 542 18
386 439 10
361 439 50
374 439 30
253 314 31
244 314 51
263 314 11
163 217 31
153 217 51
173 217 11
55 122 31
46 122 50
68 122 11
11 29 8
606 625 6
587 625 46
597 625 26
529 573 26
546 573 6
517 573 45
537 573 21
424 499 51
436 499 31
448 499 13
311 390 50
336 390 8
325 390 30
204 266 51
214 266 31
224 266 11
106 176 51
119 176 31
132 176 11
18 70 39
14 70 59
